1. Ursvikenvägen 1, (64.754, 21.046)
2. Ängsmarksvägen 3, (64.756, 21.040)
3. Sandgatan 7, (64.758, 21.039)
4. Sjögatan 5, (64.759, 21.042)
5. Bergsbynsvägen 2, (64.757, 21.034)
6. Skogsvägen 11, (64.754, 21.033)
7. Nyängsvägen 9, (64.755, 21.031)
8. Furuvägen 4, (64.756, 21.029)
9. Hammarvägen 8, (64.758, 21.045)
10. Grönvägen 6, (64.752, 21.048)
11. Blomgatan 12, (64.753, 21.051)
12. Lövvägen 14, (64.756, 21.050)
13. Villavägen 22, (64.757, 21.052)
14. Granvägen 17, (64.758, 21.054)
15. Backvägen 19, (64.759, 21.057)
16. Norra Bergsbyn 15, (64.761, 21.060)
17. Södra Bergsbyn 16, (64.762, 21.062)
18. Västanvägen 20, (64.760, 21.065)
19. Mellangatan 18, (64.761, 21.067)
20. Brogatan 21, (64.762, 21.069)
21. Parkgatan 3, (64.764, 21.072)
22. Torget 1, (64.765, 21.074)
23. Långgatan 23, (64.766, 21.076)
24. Kustgatan 25, (64.767, 21.078)
25. Fiskarvägen 27, (64.768, 21.081)
26. Klintvägen 29, (64.769, 21.084)
27. Högvägen 31, (64.770, 21.086)
28. Nyängsvägen 33, (64.772, 21.089)
29. Dalagatan 35, (64.773, 21.092)
30. Nyvägen 37, (64.774, 21.094)
31. Södra Vägen 39, (64.775, 21.096)
32. Örnviken 41, (64.776, 21.099)
33. Sjövägen 43, (64.778, 21.101)
34. Hamngatan 45, (64.779, 21.104)
35. Båtvägen 47, (64.780, 21.106)
36. Källvägen 49, (64.781, 21.109)
37. Granitvägen 51, (64.783, 21.112)
38. Bergvägen 53, (64.784, 21.114)
39. Klippvägen 55, (64.785, 21.117)
40. Tallvägen 57, (64.787, 21.120)
41. Björkvägen 59, (64.788, 21.123)
42. Ekorren 61, (64.789, 21.125)
43. Gläntan 63, (64.790, 21.128)
44. Strandvägen 65, (64.791, 21.130)
45. Viksvägen 67, (64.792, 21.132)
46. Vikgatan 69, (64.793, 21.134)
47. Tjärnvägen 71, (64.794, 21.137)
48. Småstugsvägen 73, (64.795, 21.139)
49. Vänortsgatan 75, (64.796, 21.142)
50. Holmgatan 77, (64.797, 21.144)
51. Hjortvägen 79, (64.798, 21.147)
52. Kvarnvägen 81, (64.799, 21.149)
53. Ekorrvägen 83, (64.800, 21.151)
54. Järnvägsgatan 85, (64.801, 21.154)
55. Torparvägen 87, (64.802, 21.156)
56. Tallbacken 89, (64.803, 21.159)
57. Nybrovägen 91, (64.804, 21.161)
58. Skogsbovägen 93, (64.805, 21.164)
59. Lövsätravägen 95, (64.806, 21.166)
60. Västergatan 97, (64.807, 21.169)
61. Östergatan 99, (64.808, 21.171)
62. Mittgatan 101, (64.809, 21.174)
63. Grindvägen 103, (64.810, 21.176)
64. Linvägen 105, (64.811, 21.178)
65. Smedvägen 107, (64.812, 21.181)
66. Sågvägen 109, (64.813, 21.183)
67. Färgarvägen 111, (64.814, 21.186)
68. Fabriksgatan 113, (64.815, 21.188)
69. Verkstadsvägen 115, (64.816, 21.191)
70. Vassvägen 117, (64.817, 21.193)
